1702.13
4.5
1869.91
4.9
1707.17
4.5
1870.76
6.4
1712.54
4.5
1873.69
4.5
1716.14
4.5
1876.70
4.5
1717.30
5.6
1877.38
4.5
1720.69
4.5
1877.39
4.5
1720.70
4.9
1883.30
4.9
1729.49
4.5
1886.10
4.5
1736.62
4.9
1886.18
4.9
1739.36
5.6
1886.26
4.5
1743.18
4.5
1887.92
5.3
1743.93
4.9
1889.41
4.5
1767.53
5.6
1894.14
4.9
1770.00
4.5
1894.88
5.1
1783.09
6.9
1902.30
4.5
1783.10
4.5
1905.69
7.0
1786.18
5.6
1907.81
5.9
1789.10
4.5
1908.94
4.5
1791.78
5.6
1908.99
7.1
1792.36
4.5
1913.49
5.6
1805.52
4.9
1917.45
5.3
1806.27
4.7
1932.39
4.9
1821.58
4.9
1940.32
4.5
1823.17
6.0
1947.57
6.0
1824.94
4.9
1950.27
4.5
1828.19
4.9
1967.68
4.5
1831.08
4.9
1973.28
4.7
1832.18
6.8
1975.04
4.7
1835.78
5.6
1975.61
4.6
1836.31
6.0
1976.26
4.8
1836.34
4.5
1977.97
4.7
1852.06
4.5
1978.19
4.9
1852.07
4.5
1978.29
5.5
1854.11
5.6
1980.94
4.6